inclusion nb ; Z rotation ; theta ; phi ; rotMat11 ; rotMat12 ; rotMat13 ; rotMat21 ; rotMat22 ; rotMat23 ; rotMat31 ; rotMat32 ; rotMat33
1  ;  0 ; 80.0311 ; 179.318 ; -0.173102 ; -0.0119019 ; -0.984832 ; 0.00206039 ; -0.999929 ; 0.0117222 ; -0.984902 ; 0 ; 0.173114
2  ;  0 ; 87.2303 ; 179.211 ; -0.0483176 ; -0.0137741 ; -0.998737 ; 0.000665595 ; -0.999905 ; 0.013758 ; -0.998832 ; 0 ; 0.0483222
2  ;  0 ; 87.2303 ; 179.211 ; -0.0483176 ; -0.0137741 ; -0.998737 ; 0.000665595 ; -0.999905 ; 0.013758 ; -0.998832 ; 0 ; 0.0483222
2  ;  0 ; 87.2303 ; 179.211 ; -0.0483176 ; -0.0137741 ; -0.998737 ; 0.000665595 ; -0.999905 ; 0.013758 ; -0.998832 ; 0 ; 0.0483222
3  ;  0 ; 89.1189 ; 2.75787 ; 0.0153599 ; -0.0481154 ; 0.998724 ; 0.000739907 ; 0.998842 ; 0.0481097 ; -0.999882 ; 0 ; 0.0153778
3  ;  0 ; 89.1189 ; 2.75787 ; 0.0153599 ; -0.0481154 ; 0.998724 ; 0.000739907 ; 0.998842 ; 0.0481097 ; -0.999882 ; 0 ; 0.0153778
4  ;  0 ; 53.1105 ; 3.08874 ; 0.599402 ; -0.0538826 ; 0.798632 ; 0.0323443 ; 0.998547 ; 0.043095 ; -0.799794 ; 0 ; 0.600274
4  ;  0 ; 53.1105 ; 3.08874 ; 0.599402 ; -0.0538826 ; 0.798632 ; 0.0323443 ; 0.998547 ; 0.043095 ; -0.799794 ; 0 ; 0.600274
5  ;  0 ; 89.1189 ; 2.75787 ; 0.0153599 ; -0.0481154 ; 0.998724 ; 0.000739907 ; 0.998842 ; 0.0481097 ; -0.999882 ; 0 ; 0.0153778
6  ;  0 ; 78.3189 ; 2.68071 ; 0.202243 ; -0.0467702 ; 0.978218 ; 0.00946928 ; 0.998906 ; 0.0458015 ; -0.97929 ; 0 ; 0.202464
6  ;  0 ; 78.3189 ; 2.68071 ; 0.202243 ; -0.0467702 ; 0.978218 ; 0.00946928 ; 0.998906 ; 0.0458015 ; -0.97929 ; 0 ; 0.202464
7  ;  0 ; 103.256 ; 59.0908 ; -0.117784 ; -0.857983 ; 0.499992 ; -0.196731 ; 0.513678 ; 0.835124 ; -0.973357 ; 0 ; -0.229295
7  ;  0 ; 103.256 ; 59.0908 ; -0.117784 ; -0.857983 ; 0.499992 ; -0.196731 ; 0.513678 ; 0.835124 ; -0.973357 ; 0 ; -0.229295
7  ;  0 ; 103.256 ; 59.0908 ; -0.117784 ; -0.857983 ; 0.499992 ; -0.196731 ; 0.513678 ; 0.835124 ; -0.973357 ; 0 ; -0.229295
7  ;  0 ; 103.256 ; 59.0908 ; -0.117784 ; -0.857983 ; 0.499992 ; -0.196731 ; 0.513678 ; 0.835124 ; -0.973357 ; 0 ; -0.229295
7  ;  0 ; 103.256 ; 59.0908 ; -0.117784 ; -0.857983 ; 0.499992 ; -0.196731 ; 0.513678 ; 0.835124 ; -0.973357 ; 0 ; -0.229295
7  ;  0 ; 103.256 ; 59.0908 ; -0.117784 ; -0.857983 ; 0.499992 ; -0.196731 ; 0.513678 ; 0.835124 ; -0.973357 ; 0 ; -0.229295
7  ;  0 ; 103.256 ; 59.0908 ; -0.117784 ; -0.857983 ; 0.499992 ; -0.196731 ; 0.513678 ; 0.835124 ; -0.973357 ; 0 ; -0.229295
7  ;  0 ; 103.256 ; 59.0908 ; -0.117784 ; -0.857983 ; 0.499992 ; -0.196731 ; 0.513678 ; 0.835124 ; -0.973357 ; 0 ; -0.229295
8  ;  0 ; 79.8552 ; 168.325 ; -0.172493 ; -0.202352 ; -0.964002 ; 0.0356416 ; -0.979313 ; 0.199189 ; -0.984366 ; 0 ; 0.176136
8  ;  0 ; 79.8552 ; 168.325 ; -0.172493 ; -0.202352 ; -0.964002 ; 0.0356416 ; -0.979313 ; 0.199189 ; -0.984366 ; 0 ; 0.176136
8  ;  0 ; 79.8552 ; 168.325 ; -0.172493 ; -0.202352 ; -0.964002 ; 0.0356416 ; -0.979313 ; 0.199189 ; -0.984366 ; 0 ; 0.176136
9  ;  0 ; 72.774 ; 175.618 ; -0.295275 ; -0.0764076 ; -0.952352 ; 0.0226274 ; -0.997077 ; 0.0729803 ; -0.955144 ; 0 ; 0.296141
10  ;  0 ; 94.3149 ; 171.752 ; 0.0744595 ; -0.143461 ; -0.986851 ; -0.0107937 ; -0.989656 ; 0.143054 ; -0.997166 ; 0 ; -0.0752378
10  ;  0 ; 94.3149 ; 171.752 ; 0.0744595 ; -0.143461 ; -0.986851 ; -0.0107937 ; -0.989656 ; 0.143054 ; -0.997166 ; 0 ; -0.0752378
10  ;  0 ; 94.3149 ; 171.752 ; 0.0744595 ; -0.143461 ; -0.986851 ; -0.0107937 ; -0.989656 ; 0.143054 ; -0.997166 ; 0 ; -0.0752378
10  ;  0 ; 94.3149 ; 171.752 ; 0.0744595 ; -0.143461 ; -0.986851 ; -0.0107937 ; -0.989656 ; 0.143054 ; -0.997166 ; 0 ; -0.0752378
11  ;  0 ; 142.829 ; 36.6288 ; -0.639478 ; -0.596628 ; 0.484874 ; -0.475417 ; 0.802518 ; 0.360477 ; -0.604191 ; 0 ; -0.79684
11  ;  0 ; 142.829 ; 36.6288 ; -0.639478 ; -0.596628 ; 0.484874 ; -0.475417 ; 0.802518 ; 0.360477 ; -0.604191 ; 0 ; -0.79684
12  ;  0 ; 85.5182 ; 2.78176 ; 0.0780501 ; -0.0485318 ; 0.995767 ; 0.00379238 ; 0.998822 ; 0.0483834 ; -0.996942 ; 0 ; 0.0781422
13  ;  0 ; 74.7182 ; 2.70523 ; 0.263273 ; -0.0471976 ; 0.963566 ; 0.0124397 ; 0.998886 ; 0.0455287 ; -0.964641 ; 0 ; 0.263566
13  ;  0 ; 74.7182 ; 2.70523 ; 0.263273 ; -0.0471976 ; 0.963566 ; 0.0124397 ; 0.998886 ; 0.0455287 ; -0.964641 ; 0 ; 0.263566
14  ;  0 ; 45.6934 ; 23.7653 ; 0.639268 ; -0.402992 ; 0.654931 ; 0.281489 ; 0.915204 ; 0.288386 ; -0.715612 ; 0 ; 0.698498
14  ;  0 ; 45.6934 ; 23.7653 ; 0.639268 ; -0.402992 ; 0.654931 ; 0.281489 ; 0.915204 ; 0.288386 ; -0.715612 ; 0 ; 0.698498
14  ;  0 ; 45.6934 ; 23.7653 ; 0.639268 ; -0.402992 ; 0.654931 ; 0.281489 ; 0.915204 ; 0.288386 ; -0.715612 ; 0 ; 0.698498
15  ;  0 ; 81.8249 ; 10.0941 ; 0.139997 ; -0.175265 ; 0.974517 ; 0.0249223 ; 0.984521 ; 0.173484 ; -0.989838 ; 0 ; 0.142198
15  ;  0 ; 81.8249 ; 10.0941 ; 0.139997 ; -0.175265 ; 0.974517 ; 0.0249223 ; 0.984521 ; 0.173484 ; -0.989838 ; 0 ; 0.142198
16  ;  0 ; 89.6619 ; 117.967 ; -0.00276742 ; -0.883216 ; -0.468959 ; 0.00521194 ; -0.468967 ; 0.8832 ; -0.999983 ; 0 ; 0.00590109
16  ;  0 ; 89.6619 ; 117.967 ; -0.00276742 ; -0.883216 ; -0.468959 ; 0.00521194 ; -0.468967 ; 0.8832 ; -0.999983 ; 0 ; 0.00590109
17  ;  0 ; 94.3738 ; 175.428 ; 0.07602 ; -0.079709 ; -0.993915 ; -0.00607882 ; -0.996818 ; 0.0794769 ; -0.997088 ; 0 ; -0.0762627
18  ;  0 ; 94.1216 ; 160.725 ; 0.067845 ; -0.330103 ; -0.941504 ; -0.0237258 ; -0.943945 ; 0.329249 ; -0.997414 ; 0 ; -0.0718739
18  ;  0 ; 94.1216 ; 160.725 ; 0.067845 ; -0.330103 ; -0.941504 ; -0.0237258 ; -0.943945 ; 0.329249 ; -0.997414 ; 0 ; -0.0718739
19  ;  0 ; 115.833 ; 166.687 ; 0.424033 ; -0.230268 ; -0.875884 ; -0.100338 ; -0.973127 ; 0.207258 ; -0.900071 ; 0 ; -0.435743
19  ;  0 ; 115.833 ; 166.687 ; 0.424033 ; -0.230268 ; -0.875884 ; -0.100338 ; -0.973127 ; 0.207258 ; -0.900071 ; 0 ; -0.435743
19  ;  0 ; 115.833 ; 166.687 ; 0.424033 ; -0.230268 ; -0.875884 ; -0.100338 ; -0.973127 ; 0.207258 ; -0.900071 ; 0 ; -0.435743
20  ;  0 ; 78.3189 ; 2.68071 ; 0.202243 ; -0.0467702 ; 0.978218 ; 0.00946928 ; 0.998906 ; 0.0458015 ; -0.97929 ; 0 ; 0.202464
20  ;  0 ; 78.3189 ; 2.68071 ; 0.202243 ; -0.0467702 ; 0.978218 ; 0.00946928 ; 0.998906 ; 0.0458015 ; -0.97929 ; 0 ; 0.202464
21  ;  0 ; 87.2303 ; 179.211 ; -0.0483176 ; -0.0137741 ; -0.998737 ; 0.000665595 ; -0.999905 ; 0.013758 ; -0.998832 ; 0 ; 0.0483222
21  ;  0 ; 87.2303 ; 179.211 ; -0.0483176 ; -0.0137741 ; -0.998737 ; 0.000665595 ; -0.999905 ; 0.013758 ; -0.998832 ; 0 ; 0.0483222
22  ;  0 ; 105.047 ; 167.654 ; 0.253615 ; -0.213816 ; -0.943378 ; -0.0555106 ; -0.976874 ; 0.206484 ; -0.965711 ; 0 ; -0.259619
22  ;  0 ; 105.047 ; 167.654 ; 0.253615 ; -0.213816 ; -0.943378 ; -0.0555106 ; -0.976874 ; 0.206484 ; -0.965711 ; 0 ; -0.259619
23  ;  0 ; 87.2303 ; 179.211 ; -0.0483176 ; -0.0137741 ; -0.998737 ; 0.000665595 ; -0.999905 ; 0.013758 ; -0.998832 ; 0 ; 0.0483222
24  ;  0 ; 105.111 ; 171.415 ; 0.257767 ; -0.149275 ; -0.954606 ; -0.0389141 ; -0.988796 ; 0.144113 ; -0.965423 ; 0 ; -0.260687
24  ;  0 ; 105.111 ; 171.415 ; 0.257767 ; -0.149275 ; -0.954606 ; -0.0389141 ; -0.988796 ; 0.144113 ; -0.965423 ; 0 ; -0.260687
25  ;  0 ; 108.281 ; 148.149 ; 0.266448 ; -0.527707 ; -0.806555 ; -0.165531 ; -0.849427 ; 0.501073 ; -0.949529 ; 0 ; -0.31368
25  ;  0 ; 108.281 ; 148.149 ; 0.266448 ; -0.527707 ; -0.806555 ; -0.165531 ; -0.849427 ; 0.501073 ; -0.949529 ; 0 ; -0.31368
26  ;  0 ; 79.9168 ; 171.99 ; -0.173369 ; -0.139341 ; -0.97495 ; 0.0243955 ; -0.990244 ; 0.137189 ; -0.984555 ; 0 ; 0.175077
26  ;  0 ; 79.9168 ; 171.99 ; -0.173369 ; -0.139341 ; -0.97495 ; 0.0243955 ; -0.990244 ; 0.137189 ; -0.984555 ; 0 ; 0.175077
27  ;  0 ; 67.465 ; 6.69665 ; 0.380633 ; -0.116613 ; 0.917344 ; 0.0446915 ; 0.993177 ; 0.107709 ; -0.923646 ; 0 ; 0.383248
27  ;  0 ; 67.465 ; 6.69665 ; 0.380633 ; -0.116613 ; 0.917344 ; 0.0446915 ; 0.993177 ; 0.107709 ; -0.923646 ; 0 ; 0.383248
28  ;  0 ; 90.7754 ; 175.558 ; 0.0134915 ; -0.0774517 ; -0.996905 ; -0.00104809 ; -0.996996 ; 0.0774446 ; -0.999908 ; 0 ; -0.0135322
28  ;  0 ; 90.7754 ; 175.558 ; 0.0134915 ; -0.0774517 ; -0.996905 ; -0.00104809 ; -0.996996 ; 0.0774446 ; -0.999908 ; 0 ; -0.0135322
28  ;  0 ; 90.7754 ; 175.558 ; 0.0134915 ; -0.0774517 ; -0.996905 ; -0.00104809 ; -0.996996 ; 0.0774446 ; -0.999908 ; 0 ; -0.0135322
29  ;  0 ; 60.0178 ; 45.2178 ; 0.352018 ; -0.70979 ; 0.610149 ; 0.354704 ; 0.704414 ; 0.614806 ; -0.86618 ; 0 ; 0.499732
29  ;  0 ; 60.0178 ; 45.2178 ; 0.352018 ; -0.70979 ; 0.610149 ; 0.354704 ; 0.704414 ; 0.614806 ; -0.86618 ; 0 ; 0.499732
29  ;  0 ; 60.0178 ; 45.2178 ; 0.352018 ; -0.70979 ; 0.610149 ; 0.354704 ; 0.704414 ; 0.614806 ; -0.86618 ; 0 ; 0.499732
29  ;  0 ; 60.0178 ; 45.2178 ; 0.352018 ; -0.70979 ; 0.610149 ; 0.354704 ; 0.704414 ; 0.614806 ; -0.86618 ; 0 ; 0.499732
29  ;  0 ; 60.0178 ; 45.2178 ; 0.352018 ; -0.70979 ; 0.610149 ; 0.354704 ; 0.704414 ; 0.614806 ; -0.86618 ; 0 ; 0.499732
30  ;  0 ; 83.5163 ; 171.93 ; -0.111801 ; -0.140385 ; -0.983764 ; 0.0158523 ; -0.990097 ; 0.139487 ; -0.993604 ; 0 ; 0.11292
30  ;  0 ; 83.5163 ; 171.93 ; -0.111801 ; -0.140385 ; -0.983764 ; 0.0158523 ; -0.990097 ; 0.139487 ; -0.993604 ; 0 ; 0.11292
30  ;  0 ; 83.5163 ; 171.93 ; -0.111801 ; -0.140385 ; -0.983764 ; 0.0158523 ; -0.990097 ; 0.139487 ; -0.993604 ; 0 ; 0.11292
30  ;  0 ; 83.5163 ; 171.93 ; -0.111801 ; -0.140385 ; -0.983764 ; 0.0158523 ; -0.990097 ; 0.139487 ; -0.993604 ; 0 ; 0.11292
31  ;  0 ; 81.9186 ; 2.73169 ; 0.140421 ; -0.0476589 ; 0.988944 ; 0.00669991 ; 0.998864 ; 0.0471856 ; -0.990069 ; 0 ; 0.140581
31  ;  0 ; 81.9186 ; 2.73169 ; 0.140421 ; -0.0476589 ; 0.988944 ; 0.00669991 ; 0.998864 ; 0.0471856 ; -0.990069 ; 0 ; 0.140581
32  ;  0 ; 83.3903 ; 164.594 ; -0.11097 ; -0.265655 ; -0.95766 ; 0.0305784 ; -0.964068 ; 0.263889 ; -0.993353 ; 0 ; 0.115106
32  ;  0 ; 83.3903 ; 164.594 ; -0.11097 ; -0.265655 ; -0.95766 ; 0.0305784 ; -0.964068 ; 0.263889 ; -0.993353 ; 0 ; 0.115106
33  ;  0 ; 90.8299 ; 179.158 ; 0.014482 ; -0.014698 ; -0.999787 ; -0.000212879 ; -0.999892 ; 0.0146964 ; -0.999895 ; 0 ; -0.0144835
33  ;  0 ; 90.8299 ; 179.158 ; 0.014482 ; -0.014698 ; -0.999787 ; -0.000212879 ; -0.999892 ; 0.0146964 ; -0.999895 ; 0 ; -0.0144835
34  ;  0 ; 67.465 ; 6.69665 ; 0.380633 ; -0.116613 ; 0.917344 ; 0.0446915 ; 0.993177 ; 0.107709 ; -0.923646 ; 0 ; 0.383248
34  ;  0 ; 67.465 ; 6.69665 ; 0.380633 ; -0.116613 ; 0.917344 ; 0.0446915 ; 0.993177 ; 0.107709 ; -0.923646 ; 0 ; 0.383248
34  ;  0 ; 67.465 ; 6.69665 ; 0.380633 ; -0.116613 ; 0.917344 ; 0.0446915 ; 0.993177 ; 0.107709 ; -0.923646 ; 0 ; 0.383248
35  ;  0 ; 81.9186 ; 2.73169 ; 0.140421 ; -0.0476589 ; 0.988944 ; 0.00669991 ; 0.998864 ; 0.0471856 ; -0.990069 ; 0 ; 0.140581
35  ;  0 ; 81.9186 ; 2.73169 ; 0.140421 ; -0.0476589 ; 0.988944 ; 0.00669991 ; 0.998864 ; 0.0471856 ; -0.990069 ; 0 ; 0.140581
36  ;  0 ; 108.047 ; 136.652 ; 0.225279 ; -0.686429 ; -0.691422 ; -0.21265 ; -0.727196 ; 0.65266 ; -0.950804 ; 0 ; -0.309792
36  ;  0 ; 108.047 ; 136.652 ; 0.225279 ; -0.686429 ; -0.691422 ; -0.21265 ; -0.727196 ; 0.65266 ; -0.950804 ; 0 ; -0.309792
36  ;  0 ; 108.047 ; 136.652 ; 0.225279 ; -0.686429 ; -0.691422 ; -0.21265 ; -0.727196 ; 0.65266 ; -0.950804 ; 0 ; -0.309792
37  ;  0 ; 76.3748 ; 175.637 ; -0.234887 ; -0.0760783 ; -0.969041 ; 0.0179217 ; -0.997102 ; 0.0739372 ; -0.971858 ; 0 ; 0.235569
37  ;  0 ; 76.3748 ; 175.637 ; -0.234887 ; -0.0760783 ; -0.969041 ; 0.0179217 ; -0.997102 ; 0.0739372 ; -0.971858 ; 0 ; 0.235569
37  ;  0 ; 76.3748 ; 175.637 ; -0.234887 ; -0.0760783 ; -0.969041 ; 0.0179217 ; -0.997102 ; 0.0739372 ; -0.971858 ; 0 ; 0.235569
38  ;  0 ; 88.9868 ; 13.5585 ; 0.0171906 ; -0.234439 ; 0.971979 ; 0.00414567 ; 0.972131 ; 0.234402 ; -0.999844 ; 0 ; 0.0176834
39  ;  0 ; 90.8299 ; 179.158 ; 0.014482 ; -0.014698 ; -0.999787 ; -0.000212879 ; -0.999892 ; 0.0146964 ; -0.999895 ; 0 ; -0.0144835
39  ;  0 ; 90.8299 ; 179.158 ; 0.014482 ; -0.014698 ; -0.999787 ; -0.000212879 ; -0.999892 ; 0.0146964 ; -0.999895 ; 0 ; -0.0144835
40  ;  0 ; 90.8299 ; 179.158 ; 0.014482 ; -0.014698 ; -0.999787 ; -0.000212879 ; -0.999892 ; 0.0146964 ; -0.999895 ; 0 ; -0.0144835
41  ;  0 ; 103.515 ; 3.10893 ; -0.233364 ; -0.0542345 ; 0.970876 ; -0.012675 ; 0.998528 ; 0.0527325 ; -0.972307 ; 0 ; -0.233707
41  ;  0 ; 103.515 ; 3.10893 ; -0.233364 ; -0.0542345 ; 0.970876 ; -0.012675 ; 0.998528 ; 0.0527325 ; -0.972307 ; 0 ; -0.233707
42  ;  0 ; 94.2531 ; 168.076 ; 0.0725615 ; -0.206616 ; -0.975728 ; -0.015323 ; -0.978422 ; 0.206047 ; -0.997246 ; 0 ; -0.0741617
43  ;  0 ; 92.5835 ; 13.8904 ; -0.0437563 ; -0.240066 ; 0.96977 ; -0.0108208 ; 0.970757 ; 0.239822 ; -0.998984 ; 0 ; -0.0450745
43  ;  0 ; 92.5835 ; 13.8904 ; -0.0437563 ; -0.240066 ; 0.96977 ; -0.0108208 ; 0.970757 ; 0.239822 ; -0.998984 ; 0 ; -0.0450745
44  ;  0 ; 128.639 ; 9.19824 ; -0.616388 ; -0.159851 ; 0.771047 ; -0.0998136 ; 0.987141 ; 0.124858 ; -0.781091 ; 0 ; -0.624417
45  ;  0 ; 83.5163 ; 171.93 ; -0.111801 ; -0.140385 ; -0.983764 ; 0.0158523 ; -0.990097 ; 0.139487 ; -0.993604 ; 0 ; 0.11292
45  ;  0 ; 83.5163 ; 171.93 ; -0.111801 ; -0.140385 ; -0.983764 ; 0.0158523 ; -0.990097 ; 0.139487 ; -0.993604 ; 0 ; 0.11292
45  ;  0 ; 83.5163 ; 171.93 ; -0.111801 ; -0.140385 ; -0.983764 ; 0.0158523 ; -0.990097 ; 0.139487 ; -0.993604 ; 0 ; 0.11292
46  ;  0 ; 86.5622 ; 142.501 ; -0.0475746 ; -0.608744 ; -0.791939 ; 0.0365036 ; -0.793367 ; 0.607648 ; -0.9982 ; 0 ; 0.0599655
46  ;  0 ; 86.5622 ; 142.501 ; -0.0475746 ; -0.608744 ; -0.791939 ; 0.0365036 ; -0.793367 ; 0.607648 ; -0.9982 ; 0 ; 0.0599655
47  ;  0 ; 81.9186 ; 2.73169 ; 0.140421 ; -0.0476589 ; 0.988944 ; 0.00669991 ; 0.998864 ; 0.0471856 ; -0.990069 ; 0 ; 0.140581
48  ;  0 ; 96.3172 ; 2.93062 ; -0.109889 ; -0.0511266 ; 0.992628 ; -0.00562559 ; 0.998692 ; 0.0508161 ; -0.993928 ; 0 ; -0.110033
48  ;  0 ; 96.3172 ; 2.93062 ; -0.109889 ; -0.0511266 ; 0.992628 ; -0.00562559 ; 0.998692 ; 0.0508161 ; -0.993928 ; 0 ; -0.110033
49  ;  0 ; 90.5944 ; 164.759 ; 0.0100088 ; -0.262886 ; -0.964775 ; -0.00272709 ; -0.964827 ; 0.262872 ; -0.999946 ; 0 ; -0.0103737
49  ;  0 ; 90.5944 ; 164.759 ; 0.0100088 ; -0.262886 ; -0.964775 ; -0.00272709 ; -0.964827 ; 0.262872 ; -0.999946 ; 0 ; -0.0103737
50  ;  0 ; 72.774 ; 175.618 ; -0.295275 ; -0.0764076 ; -0.952352 ; 0.0226274 ; -0.997077 ; 0.0729803 ; -0.955144 ; 0 ; 0.296141
50  ;  0 ; 72.774 ; 175.618 ; -0.295275 ; -0.0764076 ; -0.952352 ; 0.0226274 ; -0.997077 ; 0.0729803 ; -0.955144 ; 0 ; 0.296141
51  ;  0 ; 94.3738 ; 175.428 ; 0.07602 ; -0.079709 ; -0.993915 ; -0.00607882 ; -0.996818 ; 0.0794769 ; -0.997088 ; 0 ; -0.0762627
51  ;  0 ; 94.3738 ; 175.428 ; 0.07602 ; -0.079709 ; -0.993915 ; -0.00607882 ; -0.996818 ; 0.0794769 ; -0.997088 ; 0 ; -0.0762627
52  ;  0 ; 97.6519 ; 156.981 ; 0.122551 ; -0.391041 ; -0.912178 ; -0.0520687 ; -0.920373 ; 0.387559 ; -0.991095 ; 0 ; -0.133154
52  ;  0 ; 97.6519 ; 156.981 ; 0.122551 ; -0.391041 ; -0.912178 ; -0.0520687 ; -0.920373 ; 0.387559 ; -0.991095 ; 0 ; -0.133154
53  ;  0 ; 83.5751 ; 175.597 ; -0.111571 ; -0.076769 ; -0.990787 ; 0.00859052 ; -0.997049 ; 0.0762868 ; -0.993719 ; 0 ; 0.111901
53  ;  0 ; 83.5751 ; 175.597 ; -0.111571 ; -0.076769 ; -0.990787 ; 0.00859052 ; -0.997049 ; 0.0762868 ; -0.993719 ; 0 ; 0.111901
54  ;  0 ; 92.5146 ; 21.2298 ; -0.0408969 ; -0.362109 ; 0.931238 ; -0.0158873 ; 0.932136 ; 0.361761 ; -0.999037 ; 0 ; -0.0438744
55  ;  0 ; 90.6574 ; 168.358 ; 0.0112371 ; -0.201791 ; -0.979364 ; -0.00231518 ; -0.979429 ; 0.201778 ; -0.999934 ; 0 ; -0.0114732
55  ;  0 ; 90.6574 ; 168.358 ; 0.0112371 ; -0.201791 ; -0.979364 ; -0.00231518 ; -0.979429 ; 0.201778 ; -0.999934 ; 0 ; -0.0114732
55  ;  0 ; 90.6574 ; 168.358 ; 0.0112371 ; -0.201791 ; -0.979364 ; -0.00231518 ; -0.979429 ; 0.201778 ; -0.999934 ; 0 ; -0.0114732
56  ;  0 ; 89.0711 ; 6.35801 ; 0.0161116 ; -0.110741 ; 0.993719 ; 0.00179525 ; 0.993849 ; 0.110726 ; -0.999869 ; 0 ; 0.0162113
57  ;  0 ; 65.2206 ; 155.679 ; -0.381929 ; -0.411849 ; -0.827352 ; 0.172616 ; -0.911252 ; 0.373929 ; -0.907928 ; 0 ; 0.419125
57  ;  0 ; 65.2206 ; 155.679 ; -0.381929 ; -0.411849 ; -0.827352 ; 0.172616 ; -0.911252 ; 0.373929 ; -0.907928 ; 0 ; 0.419125
58  ;  0 ; 98.0291 ; 179.051 ; 0.139657 ; -0.0165581 ; -0.990062 ; -0.00231277 ; -0.999863 ; 0.0163958 ; -0.990197 ; 0 ; -0.139676
59  ;  0 ; 89.027 ; 9.95823 ; 0.016725 ; -0.17293 ; 0.984792 ; 0.0029365 ; 0.984934 ; 0.172905 ; -0.999856 ; 0 ; 0.0169808
59  ;  0 ; 89.027 ; 9.95823 ; 0.016725 ; -0.17293 ; 0.984792 ; 0.0029365 ; 0.984934 ; 0.172905 ; -0.999856 ; 0 ; 0.0169808
60  ;  0 ; 78.2701 ; 6.36542 ; 0.202044 ; -0.110869 ; 0.973081 ; 0.0225394 ; 0.993835 ; 0.108554 ; -0.979117 ; 0 ; 0.203298
60  ;  0 ; 78.2701 ; 6.36542 ; 0.202044 ; -0.110869 ; 0.973081 ; 0.0225394 ; 0.993835 ; 0.108554 ; -0.979117 ; 0 ; 0.203298
61  ;  0 ; 110.712 ; 3.3793 ; -0.353064 ; -0.0589457 ; 0.933741 ; -0.0208478 ; 0.998261 ; 0.0551359 ; -0.935367 ; 0 ; -0.353679
61  ;  0 ; 110.712 ; 3.3793 ; -0.353064 ; -0.0589457 ; 0.933741 ; -0.0208478 ; 0.998261 ; 0.0551359 ; -0.935367 ; 0 ; -0.353679
62  ;  0 ; 90.8299 ; 179.158 ; 0.014482 ; -0.014698 ; -0.999787 ; -0.000212879 ; -0.999892 ; 0.0146964 ; -0.999895 ; 0 ; -0.0144835
63  ;  0 ; 90.6574 ; 168.358 ; 0.0112371 ; -0.201791 ; -0.979364 ; -0.00231518 ; -0.979429 ; 0.201778 ; -0.999934 ; 0 ; -0.0114732
63  ;  0 ; 90.6574 ; 168.358 ; 0.0112371 ; -0.201791 ; -0.979364 ; -0.00231518 ; -0.979429 ; 0.201778 ; -0.999934 ; 0 ; -0.0114732
63  ;  0 ; 90.6574 ; 168.358 ; 0.0112371 ; -0.201791 ; -0.979364 ; -0.00231518 ; -0.979429 ; 0.201778 ; -0.999934 ; 0 ; -0.0114732
63  ;  0 ; 90.6574 ; 168.358 ; 0.0112371 ; -0.201791 ; -0.979364 ; -0.00231518 ; -0.979429 ; 0.201778 ; -0.999934 ; 0 ; -0.0114732
64  ;  0 ; 89.027 ; 9.95823 ; 0.016725 ; -0.17293 ; 0.984792 ; 0.0029365 ; 0.984934 ; 0.172905 ; -0.999856 ; 0 ; 0.0169808
64  ;  0 ; 89.027 ; 9.95823 ; 0.016725 ; -0.17293 ; 0.984792 ; 0.0029365 ; 0.984934 ; 0.172905 ; -0.999856 ; 0 ; 0.0169808
65  ;  0 ; 78.3189 ; 2.68071 ; 0.202243 ; -0.0467702 ; 0.978218 ; 0.00946928 ; 0.998906 ; 0.0458015 ; -0.97929 ; 0 ; 0.202464
66  ;  0 ; 87.2303 ; 179.211 ; -0.0483176 ; -0.0137741 ; -0.998737 ; 0.000665595 ; -0.999905 ; 0.013758 ; -0.998832 ; 0 ; 0.0483222
66  ;  0 ; 87.2303 ; 179.211 ; -0.0483176 ; -0.0137741 ; -0.998737 ; 0.000665595 ; -0.999905 ; 0.013758 ; -0.998832 ; 0 ; 0.0483222
67  ;  0 ; 101.629 ; 178.997 ; 0.201538 ; -0.0175095 ; -0.979324 ; -0.00352936 ; -0.999847 ; 0.0171501 ; -0.979474 ; 0 ; -0.201568
68  ;  0 ; 18.8481 ; -178.362 ; -0.945992 ; 0.0285805 ; -0.322928 ; -0.0270479 ; -0.999591 ; -0.00923322 ; -0.32306 ; 0 ; 0.946378
69  ;  0 ; 75.9747 ; 153.198 ; -0.216315 ; -0.450909 ; -0.865961 ; 0.109278 ; -0.89257 ; 0.437467 ; -0.970189 ; 0 ; 0.242351
69  ;  0 ; 75.9747 ; 153.198 ; -0.216315 ; -0.450909 ; -0.865961 ; 0.109278 ; -0.89257 ; 0.437467 ; -0.970189 ; 0 ; 0.242351
69  ;  0 ; 75.9747 ; 153.198 ; -0.216315 ; -0.450909 ; -0.865961 ; 0.109278 ; -0.89257 ; 0.437467 ; -0.970189 ; 0 ; 0.242351
69  ;  0 ; 75.9747 ; 153.198 ; -0.216315 ; -0.450909 ; -0.865961 ; 0.109278 ; -0.89257 ; 0.437467 ; -0.970189 ; 0 ; 0.242351
70  ;  0 ; 87.2303 ; 179.211 ; -0.0483176 ; -0.0137741 ; -0.998737 ; 0.000665595 ; -0.999905 ; 0.013758 ; -0.998832 ; 0 ; 0.0483222
71  ;  0 ; 114.311 ; 3.52334 ; -0.41091 ; -0.0614551 ; 0.909602 ; -0.0253003 ; 0.99811 ; 0.0560056 ; -0.911325 ; 0 ; -0.411688
71  ;  0 ; 114.311 ; 3.52334 ; -0.41091 ; -0.0614551 ; 0.909602 ; -0.0253003 ; 0.99811 ; 0.0560056 ; -0.911325 ; 0 ; -0.411688
72  ;  0 ; 89.1189 ; 2.75787 ; 0.0153599 ; -0.0481154 ; 0.998724 ; 0.000739907 ; 0.998842 ; 0.0481097 ; -0.999882 ; 0 ; 0.0153778
73  ;  0 ; 98.0291 ; 179.051 ; 0.139657 ; -0.0165581 ; -0.990062 ; -0.00231277 ; -0.999863 ; 0.0163958 ; -0.990197 ; 0 ; -0.139676
73  ;  0 ; 98.0291 ; 179.051 ; 0.139657 ; -0.0165581 ; -0.990062 ; -0.00231277 ; -0.999863 ; 0.0163958 ; -0.990197 ; 0 ; -0.139676
74  ;  0 ; 90.529 ; 161.159 ; 0.00873849 ; -0.322942 ; -0.946378 ; -0.00298179 ; -0.946419 ; 0.322928 ; -0.999957 ; 0 ; -0.00923322
75  ;  0 ; 97.9733 ; 175.371 ; 0.13826 ; -0.0806975 ; -0.987103 ; -0.0111937 ; -0.996739 ; 0.0799173 ; -0.990333 ; 0 ; -0.138712
75  ;  0 ; 97.9733 ; 175.371 ; 0.13826 ; -0.0806975 ; -0.987103 ; -0.0111937 ; -0.996739 ; 0.0799173 ; -0.990333 ; 0 ; -0.138712
76  ;  0 ; 89.9542 ; 132.364 ; -0.000538118 ; -0.738874 ; -0.673843 ; 0.00059005 ; -0.673844 ; 0.738874 ; -1 ; 0 ; 0.00079858
77  ;  0 ; 68.9039 ; 160.017 ; -0.338263 ; -0.341745 ; -0.876806 ; 0.123005 ; -0.939793 ; 0.318841 ; -0.932978 ; 0 ; 0.359933
77  ;  0 ; 68.9039 ; 160.017 ; -0.338263 ; -0.341745 ; -0.876806 ; 0.123005 ; -0.939793 ; 0.318841 ; -0.932978 ; 0 ; 0.359933
77  ;  0 ; 68.9039 ; 160.017 ; -0.338263 ; -0.341745 ; -0.876806 ; 0.123005 ; -0.939793 ; 0.318841 ; -0.932978 ; 0 ; 0.359933
77  ;  0 ; 68.9039 ; 160.017 ; -0.338263 ; -0.341745 ; -0.876806 ; 0.123005 ; -0.939793 ; 0.318841 ; -0.932978 ; 0 ; 0.359933
78  ;  0 ; 68.4366 ; 136.588 ; -0.266986 ; -0.687241 ; -0.675588 ; 0.252582 ; -0.72643 ; 0.639141 ; -0.930011 ; 0 ; 0.367531
78  ;  0 ; 68.4366 ; 136.588 ; -0.266986 ; -0.687241 ; -0.675588 ; 0.252582 ; -0.72643 ; 0.639141 ; -0.930011 ; 0 ; 0.367531
79  ;  0 ; 83.5751 ; 175.597 ; -0.111571 ; -0.076769 ; -0.990787 ; 0.00859052 ; -0.997049 ; 0.0762868 ; -0.993719 ; 0 ; 0.111901
79  ;  0 ; 83.5751 ; 175.597 ; -0.111571 ; -0.076769 ; -0.990787 ; 0.00859052 ; -0.997049 ; 0.0762868 ; -0.993719 ; 0 ; 0.111901
80  ;  0 ; 103.421 ; 10.5781 ; -0.228157 ; -0.183575 ; 0.956162 ; -0.0426079 ; 0.983006 ; 0.178562 ; -0.972692 ; 0 ; -0.232101
80  ;  0 ; 103.421 ; 10.5781 ; -0.228157 ; -0.183575 ; 0.956162 ; -0.0426079 ; 0.983006 ; 0.178562 ; -0.972692 ; 0 ; -0.232101
81  ;  0 ; 99.9168 ; 2.9811 ; -0.171986 ; -0.0520065 ; 0.983726 ; -0.00895649 ; 0.998647 ; 0.0512294 ; -0.985059 ; 0 ; -0.172219
82  ;  0 ; 90.7178 ; 171.958 ; 0.0124042 ; -0.139898 ; -0.990088 ; -0.00175256 ; -0.990166 ; 0.139887 ; -0.999922 ; 0 ; -0.0125274
82  ;  0 ; 90.7178 ; 171.958 ; 0.0124042 ; -0.139898 ; -0.990088 ; -0.00175256 ; -0.990166 ; 0.139887 ; -0.999922 ; 0 ; -0.0125274
83  ;  0 ; 94.2531 ; 168.076 ; 0.0725615 ; -0.206616 ; -0.975728 ; -0.015323 ; -0.978422 ; 0.206047 ; -0.997246 ; 0 ; -0.0741617
83  ;  0 ; 94.2531 ; 168.076 ; 0.0725615 ; -0.206616 ; -0.975728 ; -0.015323 ; -0.978422 ; 0.206047 ; -0.997246 ; 0 ; -0.0741617
84  ;  0 ; 103.343 ; 18.0447 ; -0.219427 ; -0.309759 ; 0.925149 ; -0.0714853 ; 0.950815 ; 0.301397 ; -0.973007 ; 0 ; -0.230777
84  ;  0 ; 103.343 ; 18.0447 ; -0.219427 ; -0.309759 ; 0.925149 ; -0.0714853 ; 0.950815 ; 0.301397 ; -0.973007 ; 0 ; -0.230777
84  ;  0 ; 103.343 ; 18.0447 ; -0.219427 ; -0.309759 ; 0.925149 ; -0.0714853 ; 0.950815 ; 0.301397 ; -0.973007 ; 0 ; -0.230777
85  ;  0 ; 63.9159 ; 2.78707 ; 0.439169 ; -0.0486244 ; 0.897087 ; 0.0213796 ; 0.998817 ; 0.043672 ; -0.89815 ; 0 ; 0.439689
86  ;  0 ; 103.421 ; 10.5781 ; -0.228157 ; -0.183575 ; 0.956162 ; -0.0426079 ; 0.983006 ; 0.178562 ; -0.972692 ; 0 ; -0.232101
86  ;  0 ; 103.421 ; 10.5781 ; -0.228157 ; -0.183575 ; 0.956162 ; -0.0426079 ; 0.983006 ; 0.178562 ; -0.972692 ; 0 ; -0.232101
87  ;  0 ; 81.9186 ; 2.73169 ; 0.140421 ; -0.0476589 ; 0.988944 ; 0.00669991 ; 0.998864 ; 0.0471856 ; -0.990069 ; 0 ; 0.140581
88  ;  0 ; 90.4616 ; 157.56 ; 0.00744628 ; -0.381723 ; -0.924247 ; -0.00307529 ; -0.924277 ; 0.381711 ; -0.999968 ; 0 ; -0.00805633
88  ;  0 ; 90.4616 ; 157.56 ; 0.00744628 ; -0.381723 ; -0.924247 ; -0.00307529 ; -0.924277 ; 0.381711 ; -0.999968 ; 0 ; -0.00805633
89  ;  0 ; 81.9186 ; 2.73169 ; 0.140421 ; -0.0476589 ; 0.988944 ; 0.00669991 ; 0.998864 ; 0.0471856 ; -0.990069 ; 0 ; 0.140581
89  ;  0 ; 81.9186 ; 2.73169 ; 0.140421 ; -0.0476589 ; 0.988944 ; 0.00669991 ; 0.998864 ; 0.0471856 ; -0.990069 ; 0 ; 0.140581
89  ;  0 ; 81.9186 ; 2.73169 ; 0.140421 ; -0.0476589 ; 0.988944 ; 0.00669991 ; 0.998864 ; 0.0471856 ; -0.990069 ; 0 ; 0.140581
90  ;  0 ; 69.1106 ; 171.705 ; -0.352836 ; -0.144266 ; -0.924497 ; 0.0514402 ; -0.989539 ; 0.134783 ; -0.93427 ; 0 ; 0.356566
90  ;  0 ; 69.1106 ; 171.705 ; -0.352836 ; -0.144266 ; -0.924497 ; 0.0514402 ; -0.989539 ; 0.134783 ; -0.93427 ; 0 ; 0.356566
91  ;  0 ; 49.5078 ; 3.24873 ; 0.648301 ; -0.0566706 ; 0.759272 ; 0.0367988 ; 0.998393 ; 0.0430976 ; -0.760494 ; 0 ; 0.649345
91  ;  0 ; 49.5078 ; 3.24873 ; 0.648301 ; -0.0566706 ; 0.759272 ; 0.0367988 ; 0.998393 ; 0.0430976 ; -0.760494 ; 0 ; 0.649345
92  ;  0 ; 90.7754 ; 175.558 ; 0.0134915 ; -0.0774517 ; -0.996905 ; -0.00104809 ; -0.996996 ; 0.0774446 ; -0.999908 ; 0 ; -0.0135322
92  ;  0 ; 90.7754 ; 175.558 ; 0.0134915 ; -0.0774517 ; -0.996905 ; -0.00104809 ; -0.996996 ; 0.0774446 ; -0.999908 ; 0 ; -0.0135322
93  ;  0 ; 69.1106 ; 171.705 ; -0.352836 ; -0.144266 ; -0.924497 ; 0.0514402 ; -0.989539 ; 0.134783 ; -0.93427 ; 0 ; 0.356566
93  ;  0 ; 69.1106 ; 171.705 ; -0.352836 ; -0.144266 ; -0.924497 ; 0.0514402 ; -0.989539 ; 0.134783 ; -0.93427 ; 0 ; 0.356566
94  ;  0 ; 85.5182 ; 2.78176 ; 0.0780501 ; -0.0485318 ; 0.995767 ; 0.00379238 ; 0.998822 ; 0.0483834 ; -0.996942 ; 0 ; 0.0781422
95  ;  0 ; 65.4407 ; 167.625 ; -0.405977 ; -0.214313 ; -0.888399 ; 0.0890759 ; -0.976765 ; 0.194924 ; -0.909532 ; 0 ; 0.415635
95  ;  0 ; 65.4407 ; 167.625 ; -0.405977 ; -0.214313 ; -0.888399 ; 0.0890759 ; -0.976765 ; 0.194924 ; -0.909532 ; 0 ; 0.415635
95  ;  0 ; 65.4407 ; 167.625 ; -0.405977 ; -0.214313 ; -0.888399 ; 0.0890759 ; -0.976765 ; 0.194924 ; -0.909532 ; 0 ; 0.415635
95  ;  0 ; 65.4407 ; 167.625 ; -0.405977 ; -0.214313 ; -0.888399 ; 0.0890759 ; -0.976765 ; 0.194924 ; -0.909532 ; 0 ; 0.415635
96  ;  0 ; 92.669 ; 6.55078 ; -0.0462612 ; -0.114084 ; 0.992393 ; -0.00531234 ; 0.993471 ; 0.11396 ; -0.998915 ; 0 ; -0.0465652
96  ;  0 ; 92.669 ; 6.55078 ; -0.0462612 ; -0.114084 ; 0.992393 ; -0.00531234 ; 0.993471 ; 0.11396 ; -0.998915 ; 0 ; -0.0465652
97  ;  0 ; 94.3149 ; 171.752 ; 0.0744595 ; -0.143461 ; -0.986851 ; -0.0107937 ; -0.989656 ; 0.143054 ; -0.997166 ; 0 ; -0.0752378
98  ;  0 ; 94.4295 ; 179.105 ; 0.0772227 ; -0.0156235 ; -0.996891 ; -0.00120664 ; -0.999878 ; 0.0155769 ; -0.997013 ; 0 ; -0.0772321
98  ;  0 ; 94.4295 ; 179.105 ; 0.0772227 ; -0.0156235 ; -0.996891 ; -0.00120664 ; -0.999878 ; 0.0155769 ; -0.997013 ; 0 ; -0.0772321
99  ;  0 ; 87.1747 ; 175.541 ; -0.0491424 ; -0.0777526 ; -0.995761 ; 0.00383255 ; -0.996973 ; 0.0776581 ; -0.998784 ; 0 ; 0.0492916
99  ;  0 ; 87.1747 ; 175.541 ; -0.0491424 ; -0.0777526 ; -0.995761 ; 0.00383255 ; -0.996973 ; 0.0776581 ; -0.998784 ; 0 ; 0.0492916
100  ;  0 ; 90.5944 ; 164.759 ; 0.0100088 ; -0.262886 ; -0.964775 ; -0.00272709 ; -0.964827 ; 0.262872 ; -0.999946 ; 0 ; -0.0103737
101  ;  0 ; 87.2303 ; 179.211 ; -0.0483176 ; -0.0137741 ; -0.998737 ; 0.000665595 ; -0.999905 ; 0.013758 ; -0.998832 ; 0 ; 0.0483222
102  ;  0 ; 90.6574 ; 168.358 ; 0.0112371 ; -0.201791 ; -0.979364 ; -0.00231518 ; -0.979429 ; 0.201778 ; -0.999934 ; 0 ; -0.0114732
102  ;  0 ; 90.6574 ; 168.358 ; 0.0112371 ; -0.201791 ; -0.979364 ; -0.00231518 ; -0.979429 ; 0.201778 ; -0.999934 ; 0 ; -0.0114732
103  ;  0 ; 98.0291 ; 179.051 ; 0.139657 ; -0.0165581 ; -0.990062 ; -0.00231277 ; -0.999863 ; 0.0163958 ; -0.990197 ; 0 ; -0.139676
104  ;  0 ; 76.1177 ; 160.682 ; -0.22642 ; -0.330815 ; -0.916131 ; 0.0793719 ; -0.943696 ; 0.321152 ; -0.970791 ; 0 ; 0.239929
105  ;  0 ; 89.1189 ; 2.75787 ; 0.0153599 ; -0.0481154 ; 0.998724 ; 0.000739907 ; 0.998842 ; 0.0481097 ; -0.999882 ; 0 ; 0.0153778
105  ;  0 ; 89.1189 ; 2.75787 ; 0.0153599 ; -0.0481154 ; 0.998724 ; 0.000739907 ; 0.998842 ; 0.0481097 ; -0.999882 ; 0 ; 0.0153778
